[?2004l
Initial Q-table: {(0, 0, 0): 0, (0, 0, 1): 0, (0, 0, 2): 0, (0, 0, 3): 0, (0, 1, 0): 0, (0, 1, 1): 0, (0, 1, 2): 0, (0, 1, 3): 0, (0, 2, 0): 0, (0, 2, 1): 0, (0, 2, 2): 0, (0, 2, 3): 0, (0, 3, 0): 0, (0, 3, 1): 0, (0, 3, 2): 0, (0, 3, 3): 0, (0, 4, 0): 0, (0, 4, 1): 0, (0, 4, 2): 0, (0, 4, 3): 0, (1, 0, 0): 0, (1, 0, 1): 0, (1, 0, 2): 0, (1, 0, 3): 0, (1, 1, 0): 0, (1, 1, 1): 0, (1, 1, 2): 0, (1, 1, 3): 0, (1, 2, 0): 0, (1, 2, 1): 0, (1, 2, 2): 0, (1, 2, 3): 0, (1, 3, 0): 0, (1, 3, 1): 0, (1, 3, 2): 0, (1, 3, 3): 0, (1, 4, 0): 0, (1, 4, 1): 0, (1, 4, 2): 0, (1, 4, 3): 0, (2, 0, 0): 0, (2, 0, 1): 0, (2, 0, 2): 0, (2, 0, 3): 0, (2, 1, 0): 0, (2, 1, 1): 0, (2, 1, 2): 0, (2, 1, 3): 0, (2, 2, 0): 0, (2, 2, 1): 0, (2, 2, 2): 0, (2, 2, 3): 0, (2, 3, 0): 0, (2, 3, 1): 0, (2, 3, 2): 0, (2, 3, 3): 0, (2, 4, 0): 0, (2, 4, 1): 0, (2, 4, 2): 0, (2, 4, 3): 0, (3, 0, 0): 0, (3, 0, 1): 0, (3, 0, 2): 0, (3, 0, 3): 0, (3, 1, 0): 0, (3, 1, 1): 0, (3, 1, 2): 0, (3, 1, 3): 0, (3, 2, 0): 0, (3, 2, 1): 0, (3, 2, 2): 0, (3, 2, 3): 0, (3, 3, 0): 0, (3, 3, 1): 0, (3, 3, 2): 0, (3, 3, 3): 0, (3, 4, 0): 0, (3, 4, 1): 0, (3, 4, 2): 0, (3, 4, 3): 0, (4, 0, 0): 0, (4, 0, 1): 0, (4, 0, 2): 0, (4, 0, 3): 0, (4, 1, 0): 0, (4, 1, 1): 0, (4, 1, 2): 0, (4, 1, 3): 0, (4, 2, 0): 0, (4, 2, 1): 0, (4, 2, 2): 0, (4, 2, 3): 0, (4, 3, 0): 0, (4, 3, 1): 0, (4, 3, 2): 0, (4, 3, 3): 0, (4, 4, 0): 0, (4, 4, 1): 0, (4, 4, 2): 0, (4, 4, 3): 0}
Final Q-table: {(0, 0, 0): -5.735, (0, 0, 1): -5.499, (0, 0, 2): -5.735, (0, 0, 3): -5.262, (0, 1, 0): -5.262, (0, 1, 1): -4.736, (0, 1, 2): -5.735, (0, 1, 3): -4.736, (0, 2, 0): -4.736, (0, 2, 1): -4.152, (0, 2, 2): -5.262, (0, 2, 3): -4.153, (0, 3, 0): -4.152, (0, 3, 1): -5.156, (0, 3, 2): -4.731, (0, 3, 3): -3.504, (0, 4, 0): -3.489, (0, 4, 1): -2.783, (0, 4, 2): -4.148, (0, 4, 3): -3.261, (1, 0, 0): -5, (1, 0, 1): -5, (1, 0, 2): -5, (1, 0, 3): -5, (1, 1, 0): -5.257, (1, 1, 1): -4.152, (1, 1, 2): -5.499, (1, 1, 3): -4.152, (1, 2, 0): -4.736, (1, 2, 1): -3.503, (1, 2, 2): -4.736, (1, 2, 3): -5.499, (1, 3, 0): -5, (1, 3, 1): -5, (1, 3, 2): -5, (1, 3, 3): -5, (1, 4, 0): -3.161, (1, 4, 1): -1.982, (1, 4, 2): -5.495, (1, 4, 3): -2.782, (2, 0, 0): -4.125, (2, 0, 1): -4.285, (2, 0, 2): -4.277, (2, 0, 3): -4.137, (2, 1, 0): -4.731, (2, 1, 1): -5.422, (2, 1, 2): -4.622, (2, 1, 3): -3.503, (2, 2, 0): -4.152, (2, 2, 1): -2.782, (2, 2, 2): -4.152, (2, 2, 3): -2.782, (2, 3, 0): -5.499, (2, 3, 1): -1.98, (2, 3, 2): -3.503, (2, 3, 3): -1.981, (2, 4, 0): -2.782, (2, 4, 1): -1.091, (2, 4, 2): -2.782, (2, 4, 3): -1.978, (3, 0, 0): -4.373, (3, 0, 1): -4.252, (3, 0, 2): -4.312, (3, 0, 3): -4.812, (3, 1, 0): -5, (3, 1, 1): -5, (3, 1, 2): -5, (3, 1, 3): -5, (3, 2, 0): -3.501, (3, 2, 1): -5.499, (3, 2, 2): -5.499, (3, 2, 3): -1.98, (3, 3, 0): -2.782, (3, 3, 1): -1.089, (3, 3, 2): -2.782, (3, 3, 3): -1.09, (3, 4, 0): -1.981, (3, 4, 1): -0.1, (3, 4, 2): -1.98, (3, 4, 3): -1.09, (4, 0, 0): -4.372, (4, 0, 1): -4.224, (4, 0, 2): -4.225, (4, 0, 3): -4.25, (4, 1, 0): -4.125, (4, 1, 1): -4.279, (4, 1, 2): -4.275, (4, 1, 3): -4.125, (4, 2, 0): -5, (4, 2, 1): -5, (4, 2, 2): -5, (4, 2, 3): -5, (4, 3, 0): -1.98, (4, 3, 1): -1.089, (4, 3, 2): -5.499, (4, 3, 3): -0.099, (4, 4, 0): 1, (4, 4, 1): 1, (4, 4, 2): 1, (4, 4, 3): 1}
/home/main.py:135: UserWarning: Matplotlib is currently using agg, which is a non-GUI backend, so cannot show the figure.
  plt.show()
-----------------------------------------------
| -5.262 | -4.736 | -4.152 | -3.504 | -2.783 | 
-----------------------------------------------
| -5     | -4.152 | -3.503 | -5     | -1.982 | 
-----------------------------------------------
| -4.125 | -3.503 | -2.782 | -1.98  | -1.091 | 
-----------------------------------------------
| -4.252 | -5     | -1.98  | -1.089 | -0.1   | 
-----------------------------------------------
| -4.224 | -4.125 | -5     | -0.099 | 1      | 
-----------------------------------------------
         834581 function calls (834060 primitive calls) in 0.797 seconds

   Ordered by: internal time
   List reduced from 893 to 15 due to restriction <15>

   ncalls  tottime  percall  cumtime  percall filename:lineno(function)
        1    0.348    0.348    0.768    0.768 main.py:95(Q_Learning)
    83108    0.101    0.000    0.268    0.000 main.py:78(Action)
     8132    0.067    0.000    0.129    0.000 {method 'choice' of 'numpy.random.mtrand.RandomState' objects}
   123108    0.052    0.000    0.052    0.000 {built-in method builtins.round}
    93109    0.041    0.000    0.041    0.000 {method 'copy' of 'dict' objects}
     8158    0.027    0.000    0.027    0.000 {method 'reduce' of 'numpy.ufunc' objects}
    83108    0.026    0.000    0.026    0.000 main.py:41(nxtPosition)
    93108    0.024    0.000    0.024    0.000 main.py:29(getReward)
    83108    0.021    0.000    0.021    0.000 main.py:37(isEndFunc)
     8151    0.017    0.000    0.052    0.000 fromnumeric.py:71(_wrapreduction)
    83108    0.012    0.000    0.012    0.000 {method 'random' of '_random.Random' objects}
    93109    0.010    0.000    0.010    0.000 main.py:25(__init__)
     8132    0.008    0.000    0.061    0.000 fromnumeric.py:2979(prod)
     9137    0.007    0.000    0.007    0.000 {built-in method builtins.getattr}
    10010    0.002    0.000    0.002    0.000 {method 'items' of 'dict' objects}


[?2004h